19⁰. 4911191918 Α

, Philipp 9911111111. , . ¹
111911911199 99 quelques 19111 99911999 91 11911 91191919 dont 991111
11119199.
Mem. 9911119. A. 1799. 11111999. Mem. 993.
Ed. 011. 111799. 11111. 9114. Mem. p.119.'.
Waltiam 1111999, ·
‘Dimum about 119199, with 19 9119199999 91· 99199 1119 91))99119119
ΗΜ 1991911 11. 1111191. Τ1199191. [1993. p· 171. .
1191 1919111191. · ,
Do specierum erectione in 9119919 991191919191111199919191111, 9111119111·
911111 obiter de visione annectuntur. ⁸ '-
111199111999. Nat. 0111191. nec. 1. A.4.1685· 11999119. 9139.
Philipp ,919 LA 111111, ,
1111191111199191 119 9119199199919991 99 11199. Parti« ῐ. (1.1191 11919
991199 99 199. (p. 339.) 2. 1191911999 991 19 9911991199 99 11 9991
(11519) 8. De 19 9119119111 1991119919 991 9111919. (p. 331.) 9119
19 couleur 199919919999 911)911.,(9. 333.) 3. 119 11 9119911911 999
deux 991111. 9. De 11 9919119119 998 911)91“1.’(9.333.) 7. Du
9199919919991 999 991119 9111191 99 1911191. (9. 339.) 8. 11111999·
91991 qu’on 1111 99 1919199991991 999 911919 9199Ι 199 1111191911 919199
199 991911119911191 111911199. (9. 339.) 9. 11911119 9911 111199.
(9339..) 10. De 19 199 9911119 99 1199 myopes. (9. 337.) 11. 119999
1199 99 1191119911 11991191. (9338.) 11. 1119991191 191 1191119919
99191999. (9. 338.) 13.Ε1199119999 99111 19191919 999199 1911199
99919911. (9339.) 19. 1191119119 9991 9999111119 11 199 1911 ’99
911191 99 meme 9991991 1199 199 deux yeux. (p. 339.) 13. Un 911191
911911 911191919111991 9911119 9199 198 99911 911111. 191991191119.
gard& 999 grande 19191919. (9341.) 1911991999 991 11 119919 99
11 199, (p. 343.) 17. Μ99999 99 1931191191 911 1119911199191119993
91111991 9111991. (9391.) 18. 91911998 1199 999 grande 9111911939
999199911919999199919199991. (9399.) 19. 1999999 9919919119
198 9111919 99111191. 99199 111999191913999. (p. 393.) 99. Eum„
99 1199119999 999 9111911 Ι119911199.(93113.) 11. ,19919991 119119
1111191919. (p. 339.) 11. 1191 1119 91 991 9991999111 qni 9119111991
191991 999 9199991191. (9331.) 113. 8991119991 119 1111991191.
(p. 331.) 1191 11 199 9119119 qui 1 1991911919 99 11919991191911
991119 (p. 331.) 131111991191191199 99991199 pour 199 1991 cour.

‚ Β 199. (9533.) 1911179991 91111991 99 991111 9111919191. (9. 334.)
“ ’ 39. De 19111116 99919119199991199, pour 99911 qui 991 19 9199111119

1911 9991911119 331.); pour ceux 991 991 19 91111111191999 9911-

909313 (9339)) pour 99911 991 991 19911 fort long. (9338.)
3391119 11 grande 1111111919 1119999 19919919911 1991199 que 19.
, 191199,1 1199 999 meme 9919111119 99 91999119. (Mum) 29, ng.

9111999 991 991991999191111991191 9919911 991 9919911199 919199,
(9399.) 39. 91191999 99 ,19911 11170110 99111 999 991119 99191.
1919 99 919911190939911 31. 919199 3119919 8199919991 myope·

· 9991,

 

